Dauth  (1024,2502)  (1022,2441)  (1056,2562)  (1085,2442)  (1145,2474)  (1120,2560)  (1208,2521)  (1034,2625)
Nadindel  (3740,111)  (3799,110)  (3700,170)  (3830,172)  (3733,229)  (3793,230)  (3671,227)  (3679,109)  (3639,168)  (3695,286)  (3753,288)  (3812,287)  (3852,230)  (3889,172)  (3859,109)  (3872,287)  (3913,229)  (3728,346)  (3789,346)  (3850,345)
Melian  (1214,2053)  (1275,2054)  (1150,2064)  (1144,2126)  (1201,2158)  (1263,2160)  (1318,2111)
Hedarth  (4435,1691)  (4375,1689)  (4340,1746)  (4464,1750)  (4364,1805)  (4423,1808)  (4304,1804)  (4279,1746)  (4312,1686)  (4339,1867)  (4402,1867)  (4275,1865)  (4244,1804)  (4246,1686)  (4488,1806)  (4468,1867)  (4501,1690)  (4524,1747)  (4530,1866)  (4310,1926)  (4375,1928)  (4437,1925)  (4499,1926)
Buragh  (3345,2083)  (3305,2139)  (3363,2179)  (3433,2118)  (3278,2078)  (3437,2060)  (3316,2018)  (3497,2059)  (3428,2184)
Lithgow  (1713,2583)  (1809,2583)  (1655,2541)  (1720,2502)  (1834,2523)  (1867,2604)  (1924,2613)
Daret  (1161,843)  (1110,785)  (1215,788)  (1220,849)  (1110,727)  (1041,731)  (1200,915)
Thun  (1611,2464)  (1507,2416)  (1645,2406)  (1656,2337)
Fernoth Merna  (4051,2377)  (4047,2317)  (3947,2450)  (3972,2510)  (4036,2450)
Aroughs  (813,2578)  (776,2514)  (903,2519)  (805,2453)  (874,2454)  (874,2581)
Toark Valley  (770,1165)  (865,1235)
Palancar Valley  (992,430)  (989,372)  (1046,367)  (1073,424)
Osilon  (1933,231)  (1995,231)  (1903,293)  (2025,295)  (1931,353)  (1989,352)  (2054,234)  (2083,293)  (2046,350)  (1872,351)  (1874,230)  (1842,290)  (1813,232)  (1782,290)  (1752,225)  (2117,232)  (2144,293)  (2185,231)
Silverwood Forest  (1930,2171)  (1993,2167)  (1984,2251)  (1925,2276)  (1864,2165)  (1865,2249)  (1802,2167)  (2052,2174)
Urubaen  (1489,1641)  (1485,1579)  (1548,1627)  (1546,1528)  (1614,1566)  (1483,1519)  (1421,1570)  (1424,1506)  (1612,1675)  (1360,1541)  (1609,1506)  (1675,1573)  (1672,1641)  (1672,1705)
Kostha Merna  (3496,2452)  (3502,2371)  (3411,2366)  (3363,2428)  (3316,2488)  (3568,2379)  (3564,2443)
Fionula  (2609,420)  (2667,419)  (2570,478)  (2692,479)  (2601,537)  (2664,538)  (2539,538)  (2508,477)  (2548,420)  (2728,417)  (2728,540)
Marna  (1835,864)  (1774,897)  (1894,896)  (1775,959)  (1837,977)  (1897,954)  (1773,837)  (1712,863)  (1893,834)  (1959,874)  (1899,1016)  (1835,1039)  (1901,1078)  (1967,1043)
Az Ragni  (3879,1727)  (3940,1728)  (3843,1784)  (3970,1785)  (3870,1841)  (3933,1842)  (4004,1725)  (3970,1666)  (3911,1666)  (3818,1725)  (3784,1785)  (3810,1844)  (3897,1900)  (3994,1844)  (4029,1784)  (4063,1722)  (4030,1662)  (3747,1841)  (3773,1904)  (4091,1663)  (4128,1723)  (4093,1784)  (4062,1850)
Orthiad  (2592,2457)  (2657,2486)  (2659,2548)  (2597,2570)  (2536,2547)  (2531,2484)  (2722,2518)  (2718,2453)  (2530,2423)  (2467,2456)  (2470,2523)  (2465,2393)  (2400,2421)  (2474,2587)  (2532,2608)  (2597,2632)  (2662,2609)  (2723,2578)
Coast of Leona  (1029,1887)  (1088,1888)  (1058,1982)  (1030,1828)  (1119,1980)
Galfni  (4200,2792)  (4230,2733)  (4235,2852)  (4295,2733)  (4320,2790)  (4298,2850)  (4172,2851)  (4137,2790)  (4166,2730)  (4199,2668)  (4259,2673)  (4101,2731)  (4129,2667)  (4060,2669)  (4215,2607)  (4357,2734)  (4106,2851)  (4366,2852)
Central Surda  (1507,2648)  (1565,2647)  (1496,2551)  (1555,2550)  (1440,2606)  (1502,2490)  (1624,2646)
Eastern Beor Mountains  (4360,2285)  (4297,2288)  (4417,2289)  (4297,2376)  (4360,2376)  (4420,2374)  (4327,2225)  (4392,2227)  (4324,2436)  (4386,2436)  (4262,2436)  (4236,2371)  (4235,2305)  (4260,2223)  (4458,2229)  (4480,2290)  (4485,2357)  (4463,2433)  (4423,2494)  (4359,2493)  (4296,2496)  (4330,2559)  (4392,2554)
Western Central Plains  (1160,1141)  (1100,1147)  (1127,1225)  (1210,1225)  (1088,1086)  (1146,1083)  (1198,1285)  (1268,1226)
Northern Beor Mountains  (3055,2169)  (3124,2167)  (3184,2170)  (3070,2254)  (3135,2254)  (3196,2251)  (3094,2317)  (3163,2314)  (3229,2315)  (3255,2249)  (3292,2316)  (3132,2378)  (3198,2376)  (3272,2380)  (2992,2172)  (2962,2106)  (3027,2109)  (3093,2109)  (3161,2101)  (3006,2047)  (3068,2050)  (3356,2297)
Dalgon  (2944,2851)  (3002,2824)  (2883,2822)  (3001,2884)  (3063,2850)  (2889,2758)  (2822,2775)  (2820,2713)  (2758,2717)  (2952,2733)  (3012,2761)  (2938,2909)  (3078,2780)
Vroengard  (269,191)  (210,190)  (198,271)  (286,268)  (223,131)  (172,329)  (235,334)  (335,207)  (345,272)  (203,393)
Southwestern Du Weldenwarden  (2131,453)  (2071,452)  (2007,452)  (2190,453)  (2249,451)  (2087,536)  (2027,536)  (2172,537)  (2234,533)  (2297,514)  (1967,515)  (1944,448)  (1907,506)  (1886,444)  (2114,389)  (2064,601)  (2126,599)  (2358,539)  (2309,446)  (2370,473)
Terim  (658,1119)  (702,1052)  (713,1148)  (654,1180)  (771,1105)  (761,1047)  (699,992)
Bullridge  (1816,1275)  (1756,1250)  (1735,1189)  (1800,1170)  (1863,1171)  (1883,1240)  (1696,1257)  (1927,1167)  (1881,1300)  (1943,1235)
Coast of Tudosten  (1482,2081)  (1421,2082)  (1420,2163)  (1516,2163)  (1482,2020)  (1577,2202)  (1575,2143)  (1543,2083)
Ardwen  (3855,471)  (3916,469)  (3825,555)  (3887,557)
The Burning Plains  (1199,2294)  (1259,2292)  (1093,2286)  (1097,2211)  (1031,2241)  (1307,2224)  (1197,2359)
Fenmark  (916,2380)  (853,2369)  (856,2303)  (917,2293)  (987,2317)  (979,2378)
Northern Gray Heath  (1355,1824)  (1414,1840)  (1471,1821)  (1460,1747)  (1522,1734)
Eastern Du Weldenwarden  (4344,295)  (4286,277)  (4228,275)  (4186,332)  (4250,337)  (4311,352)  (4249,396)  (4186,392)  (4122,394)  (4150,452)  (4209,453)  (4192,510)  (4267,455)  (4327,412)  (4251,515)  (4330,470)  (4314,534)  (4392,444)  (4395,385)  (4403,322)  (4466,288)  (4469,346)  (4457,403)  (4453,462)  (4395,508)  (4246,185)
Kuasta  (610,1542)  (633,1605)  (725,1525)  (700,1463)
Boars Eye  (445,2615)  (508,2615)  (377,2580)  (514,2552)
Ilia Feon  (3854,1079)  (3793,1079)  (3754,1135)  (3885,1138)  (3856,1196)  (3797,1197)  (3730,1076)  (3755,1016)  (3818,1019)  (3695,1015)  (3718,957)  (3780,958)  (3823,1254)  (3881,1253)  (3914,1195)  (3943,1137)  (3670,1076)  (3635,1017)  (3575,1019)  (3873,1312)  (3942,1253)  (3975,1195)
Belatona  (912,1929)  (854,1991)  (853,1933)  (794,1956)  (827,1852)  (768,1829)  (763,1762)
Sea 1  (1496,121)  (1539,178)  (1470,213)  (1406,228)  (1343,257)  (1279,292)  (1563,118)  (1531,55)  (1592,54)
Southern Ramr River  (1747,1461)  (1685,1442)  (1808,1442)  (1872,1456)  (1870,1394)  (1805,1369)  (1741,1336)  (1681,1359)  (1623,1416)  (1620,1352)  (1559,1392)  (1935,1432)
Edda River  (4284,1318)  (4342,1316)  (4235,1378)  (4378,1378)  (4269,1437)  (4337,1436)  (4223,1319)  (4170,1378)  (4205,1438)  (4405,1436)  (4401,1316)  (4438,1376)  (4140,1435)  (4463,1316)  (4320,1257)  (4386,1255)  (4448,1254)  (4464,1434)  (4498,1374)  (4523,1315)  (4506,1255)  (4485,1195)  (4105,1496)  (4079,1432)  (4042,1490)  (4013,1428)  (3980,1487)  (3948,1421)  (3917,1486)  (3952,1552)
Odred Valley  (3998,2165)  (4060,2162)  (4005,2246)  (4090,2245)
Sea 2  (563,64)  (629,99)  (499,101)  (498,162)  (563,183)  (631,161)  (500,38)  (628,36)  (436,65)  (434,133)  (370,96)  (371,29)
Sea 3  (506,445)  (442,489)  (567,486)  (506,533)  (443,550)  (574,421)  (507,377)  (440,419)  (572,350)  (503,597)  (436,621)  (505,663)
Sea 4  (109,545)  (172,586)  (238,555)  (108,614)  (170,648)  (235,622)  (107,477)  (45,508)  (45,574)  (111,683)  (44,642)  (171,706)  (231,682)  (300,647)  (301,580)
Southern Spine  (856,1442)  (914,1392)  (828,1380)  (828,1532)  (786,1591)  (730,1653)
Sea 5  (406,891)  (346,932)  (467,922)  (341,992)  (409,1011)  (468,983)  (466,859)  (343,868)  (403,828)  (534,888)  (527,949)
Sea 6  (117,946)  (56,979)  (182,976)  (57,1039)  (120,1062)  (182,1041)  (184,910)  (118,882)  (54,904)  (59,1104)  (126,1126)  (186,1105)
Eastern Central Plains  (1581,1137)  (1616,1217)  (1540,1214)  (1518,1138)  (1563,1076)  (1553,1272)  (1617,1275)
Sea 7  (600,1289)  (603,1350)  (666,1292)  (666,1350)  (605,1411)  (552,1218)  (480,1259)  (417,1261)  (356,1277)  (291,1275)  (291,1209)  (355,1209)
Sea 8  (201,1390)  (138,1418)  (264,1416)  (137,1479)  (201,1505)  (264,1480)  (329,1452)  (328,1384)  (263,1350)  (263,1543)  (328,1516)
Sea 9  (217,1760)  (281,1793)  (155,1791)  (155,1857)  (221,1883)  (284,1861)  (349,1826)  (285,1726)  (352,1755)  (284,1929)  (351,1899)  (221,1954)  (152,1924)
Ellesmera  (2893,178)  (2830,179)  (2813,239)  (2874,272)  (2938,262)  (2956,202)  (2951,141)  (3019,157)  (3020,219)  (2998,276)  (2812,298)  (2754,265)  (2753,201)
Utgard  (891,483)  (830,514)  (955,511)  (827,578)  (892,576)  (912,642)
Eoam  (361,2353)  (396,2406)  (489,2442)  (431,2482)  (296,2582)
Western Beor Mountains  (2389,2721)  (2324,2717)  (2354,2657)  (2292,2655)  (2260,2717)  (2282,2779)  (2319,2592)  (2228,2656)  (2258,2595)  (2289,2532)  (2194,2594)  (2224,2531)
Southern Gray Heath  (1238,1970)  (1338,1976)  (1311,1889)  (1249,1889)  (1184,1897)  (1402,1915)  (1403,1977)
Northwestern Beor Mountains  (2651,2238)  (2583,2238)  (2717,2236)  (2694,2173)  (2502,2260)  (2511,2320)  (2584,2317)  (2648,2318)  (2716,2318)  (2783,2317)
Northern Urgal Settlements  (834,675)  (835,732)  (893,783)
Jiet River  (978,1953)  (934,2011)  (996,2012)  (987,2115)  (1057,2070)  (1048,2127)
Lake Tudosten  (1698,2143)  (1679,2227)  (1739,2226)  (1704,2085)  (1643,2084)  (1663,2025)  (1723,2289)  (1785,2289)
Silthrim  (3518,478)  (3471,420)  (3453,478)  (3393,447)  (3388,513)  (3453,540)  (3516,542)  (3587,548)  (3581,438)  (3648,440)  (3642,377)  (3706,443)  (3651,500)  (3650,557)  (3714,501)  (3713,559)
Cithri  (1476,2265)  (1415,2266)  (1418,2357)  (1349,2310)  (1546,2333)  (1542,2266)  (1602,2279)
Anora River  (1264,437)  (1277,533)  (1207,495)  (1216,552)  (1353,468)  (1340,404)
Urgal Settlements  (861,1008)  (838,1065)  (899,1064)  (924,1121)
Gaena River  (4248,696)  (4308,696)  (4193,756)  (4347,756)  (4237,817)  (4298,818)  (4185,697)  (4173,815)  (4131,752)  (4124,694)  (4063,720)  (4158,635)  (4097,626)  (4038,658)  (4035,593)  (3975,634)  (3996,717)  (4094,565)  (4108,812)  (4374,694)  (4365,824)  (4409,758)  (4439,688)  (4472,755)
Western Foothills of Beor  (2008,2494)  (2089,2493)  (2061,2414)  (2123,2412)  (1909,2455)  (1936,2523)  (2033,2342)  (2101,2343)  (2028,2553)
Aberon  (1862,2767)  (1814,2701)  (1938,2693)  (1930,2760)  (1751,2714)  (1724,2654)  (1997,2763)  (2000,2684)  (2068,2668)
Woadark  (929,1250)  (1051,1207)  (991,1236)  (1054,1265)
Iron Cliffs  (549,1739)  (516,1799)  (583,1826)  (617,1738)  (649,1824)  (484,1713)  (619,1888)  (644,1949)  (552,1679)  (484,1646)  (478,1586)  (662,2016)
Central Beor Mountains  (3487,2604)  (3421,2606)  (3552,2603)  (3428,2682)  (3492,2685)  (3549,2685)  (3609,2636)  (3609,2698)  (3449,2542)  (3387,2546)  (3465,2742)  (3525,2743)  (3593,2760)
Reavstone  (1596,2820)  (1552,2746)  (1627,2715)  (1694,2769)  (1760,2794)
Eastcroft  (1367,1631)  (1340,1703)  (1425,1686)
Gilead  (1420,992)  (1479,969)  (1364,933)  (1478,909)  (1420,887)  (1305,912)  (1479,1030)
Ragni Darmn  (4048,1973)  (4059,2049)  (3943,1991)  (3982,1932)  (3999,2099)  (4063,2105)  (4119,2081)
Sharktooth  (489,1168)
Coast of Isenstar  (1769,686)  (1746,608)  (1713,744)  (1776,751)  (1836,712)  (1817,605)  (1802,545)  (1878,576)  (1895,682)  (1940,601)  (1960,663)
Ceris  (4121,1054)  (4181,1054)  (4095,1113)  (4203,1114)  (4119,1173)  (4179,1175)  (4060,1054)  (4034,1115)  (4091,994)  (4150,995)  (4033,996)  (4001,1054)  (3974,995)  (3997,936)  (3916,959)  (4055,935)  (4089,1230)  (4148,1233)  (4037,1288)  (4098,1291)  (4213,993)  (4238,1174)
Therinsford  (1053,573)  (1119,572)  (990,605)  (1071,498)
Farthen Dur  (3739,2502)  (3802,2501)  (3692,2561)  (3844,2563)  (3735,2622)  (3800,2621)  (3674,2501)  (3706,2441)  (3773,2440)  (3863,2501)  (3835,2442)  (3612,2513)  (3770,2683)  (3866,2623)  (3836,2682)  (3903,2565)  (3933,2625)
Northern Du Weldenwarden  (2159,110)  (2096,90)  (2224,89)  (2034,90)  (2096,152)  (2032,150)  (2227,147)  (2290,83)  (2293,143)  (1968,111)  (2355,106)  (1966,46)  (2353,43)  (1904,109)  (1903,39)  (1841,111)  (1841,39)  (2422,105)  (2417,40)  (2486,85)  (2481,15)  (2551,38)
Leona Lake  (906,1708)  (844,1708)  (970,1707)  (872,1626)  (938,1626)  (860,1770)  (929,1770)  (913,1565)
Tarnag  (3599,2228)  (3667,2285)  (3720,2223)  (3601,2165)  (3727,2281)  (3659,2185)  (3538,2178)  (3542,2120)  (3787,2323)
Moldun the Proud  (3804,2103)  (3868,2104)  (3927,2105)  (3799,2190)  (3860,2190)  (3921,2189)  (3840,2252)  (3903,2248)  (3806,2041)  (3873,2043)  (3894,2313)
The Spine  (830,847)  (771,849)  (833,938)  (769,938)  (895,939)  (889,879)  (752,791)
Kirtan  (2851,577)  (2913,574)  (2973,541)  (3031,505)  (2787,598)  (2728,613)  (2848,639)  (2910,635)  (3037,565)  (3029,628)  (3099,520)  (3100,584)  (3107,643)
Beartooth River  (3000,2447)  (2958,2525)  (2937,2457)  (2872,2431)  (3063,2444)  (3085,2548)  (3152,2492)  (3218,2499)  (3147,2559)  (3257,2562)
Western Edge of Hadarac  (1908,1629)  (1970,1625)  (1847,1627)  (1866,1710)  (1945,1711)  (1907,1771)  (1841,1773)  (1804,1710)  (1800,1568)  (1827,1834)  (1889,1833)  (1863,1562)  (1927,1559)  (1949,1832)  (1968,1771)  (2006,1708)  (1992,1562)  (1996,1500)
Ceunon  (1567,314)  (1506,287)  (1629,287)  (1445,299)  (1625,225)  (1384,321)  (1663,163)  (1677,101)  (1674,39)
Petrovya  (1805,2453)  (1741,2415)  (1873,2379)  (1938,2380)
Central Du Weldenwarden  (2409,222)  (2345,224)  (2328,289)  (2394,313)  (2325,353)  (2391,375)  (2455,333)  (2481,235)  (2257,330)  (2268,266)  (2522,312)  (2456,392)  (2545,227)  (2481,173)  (2542,162)  (2605,201)  (2585,289)  (2669,210)  (2648,275)
Yazuac  (1103,643)  (1041,644)  (1217,624)  (1277,620)
Flam  (1033,943)  (974,880)  (1082,883)  (973,943)  (1092,942)  (1067,1001)  (1126,1003)  (956,821)  (1017,819)
Northwestern Foothills of Beor  (2241,2235)  (2194,2315)  (2283,2319)  (2179,2238)  (2213,2176)  (2196,2374)  (2255,2380)  (2111,2242)  (2303,2241)  (2381,2255)
Southern Edge of Hadarac  (2486,2142)  (2428,2124)  (2548,2120)  (2425,2183)  (2364,2155)  (2362,2085)  (2431,2036)  (2496,2037)  (2559,2039)  (2301,2145)  (2571,1977)  (2621,2036)  (2619,2096)
Northern Central Plains  (1315,1033)  (1347,1110)  (1274,1112)  (1255,1035)  (1197,1020)  (1253,976)  (1405,1074)  (1405,1135)
Bregan Hold  (3332,2827)  (3399,2827)  (3418,2912)  (3314,2910)  (3463,2847)  (3269,2845)  (3245,2908)  (3202,2844)  (3175,2905)  (3487,2909)  (3523,2846)  (3559,2910)
Mountains of Du Weldenwarden  (1571,446)  (1526,534)  (1622,532)  (1639,442)  (1507,446)  (1687,532)  (1464,535)  (1706,442)  (1445,447)  (1494,595)  (1562,594)  (1630,597)  (1476,383)  (1544,385)  (1613,385)  (1682,379)  (1746,383)  (1396,532)  (1418,596)  (1770,445)
Du Weldenwarden  (3181,207)  (3240,206)  (3298,207)  (3132,266)  (3190,281)  (3273,288)  (3334,268)  (3194,346)  (3263,348)  (3126,330)  (3331,331)  (3129,390)  (3192,411)  (3255,411)  (3324,391)  (3159,145)  (3224,145)  (3286,146)  (3346,147)  (3360,207)  (3064,312)  (3061,370)  (3060,432)  (3390,357)  (3396,291)  (3428,233)  (3421,170)
Carvahall  (1032,310)  (1133,355)  (1090,293)  (1150,294)
Northern Ramr River  (1658,971)  (1696,1052)  (1638,1066)  (1597,976)  (1614,913)  (1698,1109)  (1715,974)  (1756,1079)
Northern Foothills of Beor  (3313,1814)  (3247,1818)  (3377,1821)  (3270,1903)  (3362,1906)  (3208,1903)  (3189,1844)  (3425,1905)  (3446,1848)  (3435,1790)  (3144,1904)  (3124,1839)  (3115,1779)  (3082,1901)  (3058,1836)  (3390,1969)  (3490,1910)  (3511,1850)  (2993,1838)  (3046,1773)  (3552,1909)  (3572,1852)
Narda  (641,606)  (703,622)  (641,666)  (635,728)  (632,786)  (657,850)  (706,518)  (710,456)  (770,403)
Hadarac Desert  (2530,1261)  (2527,1320)  (2525,1379)  (2526,1438)  (2527,1497)  (2586,1379)  (2645,1378)  (2705,1377)  (2705,1318)  (2706,1259)  (2704,1435)  (2704,1494)  (2895,1256)  (2895,1317)  (2893,1376)  (2894,1436)  (2892,1496)  (3102,1248)  (3100,1309)  (3099,1367)  (3105,1486)
Feinster  (846,2204)  (785,2157)  (801,2092)  (865,2092)  (929,2156)  (909,2221)
Toark River  (1080,1330)  (1056,1428)  (994,1401)  (1138,1333)
Ninor River  (1347,684)  (1393,761)  (1308,759)  (1288,686)  (1406,685)  (1228,693)  (1290,816)  (1350,819)  (1455,746)
Mount Thardur  (3200,2658)  (3201,2732)  (3141,2729)  (3262,2736)  (3259,2653)  (3316,2650)  (3323,2716)
Isenstar Lake  (1560,736)  (1627,733)  (1479,814)  (1537,813)  (1597,813)
Southern Urgal Settlements  (806,1263)  (864,1293)  (923,1307)
Furnost  (1634,1834)  (1693,1867)  (1567,1873)  (1595,1935)  (1658,1934)  (1725,1934)  (1567,1814)  (1535,1937)  (1507,1879)  (1691,1800)  (1754,1840)  (1786,1925)
Southern Central Plains  (1376,1369)  (1445,1371)  (1409,1291)  (1347,1289)  (1472,1291)  (1391,1433)  (1327,1433)  (1365,1228)  (1427,1227)
Helgrind  (1161,1734)  (1158,1824)  (1216,1804)  (1096,1787)  (1087,1727)  (1222,1742)  (1283,1738)
Crags of Telnaeir  (2782,52)  (2879,52)  (2719,9)  (2658,10)  (2719,68)  (2658,101)  (2941,3)  (2945,64)  (3001,1)  (3060,1)  (3006,58)
Southwestern Edge of Hadarac  (2150,1971)  (2091,1948)  (2208,1951)  (2091,1869)  (2154,1848)  (2217,1873)  (2213,2016)  (2151,2037)  (2090,2012)  (2028,1950)  (2029,1868)  (2094,1806)  (2030,1803)  (2088,2078)  (2149,2101)  (2213,2076)  (2271,1980)  (2153,1782)  (2216,1806)  (2217,1745)  (2278,1820)
Dras Leona  (1129,1661)  (1103,1603)  (1065,1664)  (1038,1598)  (1204,1583)  (1225,1657)  (1269,1600)  (1264,1540)
Eldor  (4319,962)  (4381,961)  (4321,1044)  (4381,1043)
Valley of Beor Mountains  (2812,2070)  (2821,2159)  (2892,2182)  (2830,2218)  (2896,2245)  (2958,2257)  (2894,2310)  (2956,2317)  (2872,2066)  (2745,2047)  (2741,1978)  (2811,2000)  (2874,2002)  (2941,1958)
Sea 14  (1290,2742)  (1229,2774)  (1352,2772)  (1228,2838)  (1291,2865)  (1351,2836)  (1166,2811)  (1227,2711)  (1164,2742)  (1287,2678)  (1352,2705)
Sea 15  (1652,2911)  (1715,2911)  (1680,2848)  (1779,2913)  (1839,2913)  (1821,2854)  (1901,2914)  (1885,2853)
Sea 12  (256,2738)  (194,2771)  (316,2768)  (193,2833)  (256,2860)  (315,2830)  (130,2803)  (129,2737)  (378,2803)  (380,2736)
Sea 13  (814,2711)  (754,2740)  (877,2742)  (756,2801)  (816,2820)  (877,2803)  (875,2679)  (939,2709)  (940,2776)  (750,2674)  (691,2712)  (689,2774)
Sea 10  (569,2233)  (505,2263)  (633,2266)  (504,2323)  (572,2345)  (632,2329)  (503,2197)  (571,2167)  (499,2132)  (433,2163)  (440,2232)
Beor Mountains  (2926,2630)  (2988,2633)  (2870,2639)  (2870,2583)  (3044,2619)  (2814,2623)  (3100,2655)
Sea 11  (181,2228)  (121,2258)  (241,2257)  (123,2320)  (241,2321)  (181,2336)  (240,2196)  (299,2230)  (299,2294)  (178,2164)  (117,2190)
Fasaloft  (1176,1396)  (1188,1489)  (1118,1445)  (1116,1508)  (1234,1428)  (1236,1363)
Deldarad  (1347,2508)  (1345,2413)  (1412,2444)  (1272,2444)  (1411,2513)  (1360,2575)
Nalsvrid Merna  (3817,2823)  (3878,2823)  (3751,2872)  (3939,2870)  (3749,2809)  (3942,2808)  (3877,2759)  (3940,2746)  (3689,2774)  (3689,2836)  (3690,2903)  (4005,2814)  (4002,2882)
Northern Spine  (1182,183)  (1120,181)  (1243,182)  (1179,107)  (1239,105)  (1301,104)  (1306,173)  (1305,43)  (1371,11)  (1367,78)  (1367,140)
Southeastern Du Weldenwarden  (3524,709)  (3586,701)  (3652,703)  (3724,707)  (3420,760)  (3482,794)  (3693,796)  (3761,775)  (3648,861)  (3707,856)  (3770,837)  (3357,768)  (3341,703)  (3282,749)  (3280,684)  (3220,717)  (3414,688)  (3548,815)  (3623,792)  (3438,858)  (3510,875)  (3579,875)  (3821,774)  (3797,702)  (3859,707)  (3837,848)
Rona  (4092,98)  (4003,178)
Edur Naroch  (1856,1976)  (1846,2060)  (1766,2007)  (1783,2069)  (1913,2076)  (1919,1978)  (1984,2019)  (1983,2081)  (1883,1918)
Peaks of Tarnag  (3619,1987)  (3650,2071)